image: classroom.pgm
resolution: 0.050000
origin: [-5.397361, -3.463217, 0.000000]
negate: 0
occupied_thresh: 0.65
free_thresh: 0.196

