image: GAschool_2.pgm
resolution: 0.050000
origin: [-8.460585, -31.921091, 0.000000]
negate: 0
occupied_thresh: 0.65
free_thresh: 0.196

