image: nice.pgm
resolution: 0.050000
origin: [-1.341112, -0.555174, 0.000000]
negate: 0
occupied_thresh: 0.65
free_thresh: 0.196

