image: temp.pgm
resolution: 0.050000
origin: [-3.111843, -28.193737, 0.000000]
negate: 0
occupied_thresh: 0.65
free_thresh: 0.196

